
$orca_hessian_file

$act_atom
  4

$act_coord
  2

$act_energy
       -7.985272

$hessian
15
                    0                  1                  2                  3                  4        
    0      1.0875967191E-01  -4.5469827138E-02  -1.2956972753E-01  -9.8676706102E-02   2.4048910607E-02
    1     -4.5469827138E-02   8.8215670230E-02   1.0369394766E-01   2.4057078058E-02  -8.7810218735E-02
    2     -1.2956972753E-01   1.0369394766E-01   3.4706349748E-01   6.8498991649E-02  -5.4834205639E-02
    3     -9.8676706102E-02   2.4057078058E-02   6.8498991649E-02   3.2091958874E-01  -7.6688912376E-03
    4      2.4048910607E-02  -8.7810218735E-02  -5.4834205639E-02  -7.6688912376E-03   3.1735150996E-01
    5      6.8543197787E-02  -5.4845331282E-02  -2.2469282812E-01  -2.1281131471E-02   1.6990287175E-02
    6      1.9616130902E-02  -7.6103189007E-03   2.2110247297E-04  -8.1727568389E-02   1.9254161675E-02
    7     -7.5183379424E-03   9.9426550576E-03  -8.0048994046E-03   1.8227958752E-02  -5.1814840473E-02
    8      1.2410595607E-03  -8.6167728981E-03  -7.3940097823E-02  -4.1917216749E-02   2.2310929247E-02
    9     -2.8369805624E-02   8.4143327107E-03   4.6385333028E-02  -9.8990757142E-02  -3.7465825393E-02
   10      7.8640183172E-03   1.3204021377E-02   4.2383823143E-03  -3.1837410766E-02  -6.1224655538E-02
   11      4.5322096396E-02   3.8093168157E-03  -2.9163516363E-02  -2.1844805609E-03   3.2990205195E-03
   12     -1.3925233959E-03   2.0631941586E-02   1.4525785877E-02  -4.1453196288E-02   1.7891294500E-03
   13      2.1129611808E-02  -2.3637386377E-02  -4.5216562064E-02  -2.8934383794E-03  -1.1640741123E-01
   14      1.4405699040E-02  -4.3992380506E-02  -1.9220751216E-02  -3.0144310512E-03   1.2159457152E-02
                    5                  6                  7                  8                  9        
    0      6.8543197787E-02   1.9616130902E-02  -7.5183379424E-03   1.2410595607E-03  -2.8369805624E-02
    1     -5.4845331282E-02  -7.6103189007E-03   9.9426550576E-03  -8.6167728981E-03   8.4143327107E-03
    2     -2.2469282812E-01   2.2110247297E-04  -8.0048994046E-03  -7.3940097823E-02   4.6385333028E-02
    3     -2.1281131471E-02  -8.1727568389E-02   1.8227958752E-02  -4.1917216749E-02  -9.8990757142E-02
    4      1.6990287175E-02   1.9254161675E-02  -5.1814840473E-02   2.2310929247E-02  -3.7465825393E-02
    5      3.5988510124E-01  -3.1428877538E-02   1.6221861131E-02  -6.2025435723E-02  -1.1943529333E-02
    6     -3.1428877538E-02   1.0326051731E-01  -2.4840607294E-02   5.9764939625E-02  -3.5328387210E-02
    7      1.6221861131E-02  -2.4840607294E-02   6.1490976845E-02  -2.5697985528E-02  -1.1622296621E-02
    8     -6.2025435723E-02   5.9764939625E-02  -2.5697985528E-02   1.3924623117E-01  -1.0352917454E-02
    9     -1.1943529333E-02  -3.5328387210E-02  -1.1622296621E-02  -1.0352917454E-02   1.6676040936E-01
   10     -1.7593969683E-03   6.8848951250E-03   2.7460969669E-03  -2.6467048979E-05   5.0877044093E-02
   11     -3.5288264753E-02  -2.3634086443E-02  -8.7766748247E-03   5.9994013087E-04  -2.1988302804E-02
   12     -4.0538956787E-03  -5.7858220246E-03   2.5740856416E-02  -8.6496784052E-03  -4.1094522548E-03
   13      2.3660248621E-02   6.2797255125E-03  -2.2350244663E-02   1.1939049173E-02  -1.0117484697E-02
   14     -3.8100692119E-02  -4.8846573675E-03   2.6243322212E-02  -3.7636219241E-03  -2.1717653878E-03
                   10                 11                 12                 13                 14        
    0      7.8640183172E-03   4.5322096396E-02  -1.3925233959E-03   2.1129611808E-02   1.4405699040E-02
    1      1.3204021377E-02   3.8093168157E-03   2.0631941586E-02  -2.3637386377E-02  -4.3992380506E-02
    2      4.2383823143E-03  -2.9163516363E-02   1.4525785877E-02  -4.5216562064E-02  -1.9220751216E-02
    3     -3.1837410766E-02  -2.1844805609E-03  -4.1453196288E-02  -2.8934383794E-03  -3.0144310512E-03
    4     -6.1224655538E-02   3.2990205195E-03   1.7891294500E-03  -1.1640741123E-01   1.2159457152E-02
    5     -1.7593969683E-03  -3.5288264753E-02  -4.0538956787E-03   2.3660248621E-02  -3.8100692119E-02
    6      6.8848951250E-03  -2.3634086443E-02  -5.7858220246E-03   6.2797255125E-03  -4.8846573675E-03
    7      2.7460969669E-03  -8.7766748247E-03   2.5740856416E-02  -2.2350244663E-02   2.6243322212E-02
    8     -2.6467048979E-05   5.9994013087E-04  -8.6496784052E-03   1.1939049173E-02  -3.7636219241E-03
    9      5.0877044093E-02  -2.1988302804E-02  -4.1094522548E-03  -1.0117484697E-02  -2.1717653878E-03
   10      7.4532852591E-02  -4.6750398638E-03  -3.3811968590E-02  -2.9233606950E-02   2.1995731173E-03
   11     -4.6750398638E-03   6.2252031370E-02   2.4907765215E-03   6.2958989854E-03   1.6393011024E-03
   12     -3.3811968590E-02   2.4907765215E-03   5.2735987722E-02  -1.4343257151E-02  -4.3242841864E-03
   13     -2.9233606950E-02   6.2958989854E-03  -1.4343257151E-02   1.9158017150E-01   3.3844219035E-03
   14      2.1995731173E-03   1.6393011024E-03  -4.3242841864E-03   3.3844219035E-03   5.9465072351E-02

$vibrational_frequencies
15
    0        0.000000
    1        0.000000
    2        0.000000
    3        0.000000
    4        0.000000
    5        0.000000
    6     1133.739558
    7     1177.910427
    8     1179.524582
    9     1479.549905
   10     1503.576067
   11     1504.368478
   12     2235.062809
   13     2235.952048
   14     2491.808542

$normal_modes
15 15
                    0                  1                  2                  3                  4        
    0      0.0000000000E+00   0.0000000000E+00   0.0000000000E+00   0.0000000000E+00   0.0000000000E+00
    1      0.0000000000E+00   0.0000000000E+00   0.0000000000E+00   0.0000000000E+00   0.0000000000E+00
    2      0.0000000000E+00   0.0000000000E+00   0.0000000000E+00   0.0000000000E+00   0.0000000000E+00
    3      0.0000000000E+00   0.0000000000E+00   0.0000000000E+00   0.0000000000E+00   0.0000000000E+00
    4      0.0000000000E+00   0.0000000000E+00   0.0000000000E+00   0.0000000000E+00   0.0000000000E+00
    5      0.0000000000E+00   0.0000000000E+00   0.0000000000E+00   0.0000000000E+00   0.0000000000E+00
    6      0.0000000000E+00   0.0000000000E+00   0.0000000000E+00   0.0000000000E+00   0.0000000000E+00
    7      0.0000000000E+00   0.0000000000E+00   0.0000000000E+00   0.0000000000E+00   0.0000000000E+00
    8      0.0000000000E+00   0.0000000000E+00   0.0000000000E+00   0.0000000000E+00   0.0000000000E+00
    9      0.0000000000E+00   0.0000000000E+00   0.0000000000E+00   0.0000000000E+00   0.0000000000E+00
   10      0.0000000000E+00   0.0000000000E+00   0.0000000000E+00   0.0000000000E+00   0.0000000000E+00
   11      0.0000000000E+00   0.0000000000E+00   0.0000000000E+00   0.0000000000E+00   0.0000000000E+00
   12      0.0000000000E+00   0.0000000000E+00   0.0000000000E+00   0.0000000000E+00   0.0000000000E+00
   13      0.0000000000E+00   0.0000000000E+00   0.0000000000E+00   0.0000000000E+00   0.0000000000E+00
   14      0.0000000000E+00   0.0000000000E+00   0.0000000000E+00   0.0000000000E+00   0.0000000000E+00
                    5                  6                  7                  8                  9        
    0      0.0000000000E+00  -2.2582726528E-01   1.6359966136E-02   6.2904184073E-02   2.2080768927E-02
    1      0.0000000000E+00   1.8164333742E-01   6.6694793243E-02  -6.1569407270E-03  -1.8062022819E-02
    2      0.0000000000E+00   5.0750171447E-01  -1.8948199801E-02   3.2895932761E-02  -5.0323485597E-02
    3      0.0000000000E+00   3.0550449575E-01  -3.7719313690E-02  -1.5023207554E-01   2.3011775970E-02
    4      0.0000000000E+00  -2.4675493665E-01  -1.5905556618E-01   1.5440600360E-02  -1.9141673805E-02
    5      0.0000000000E+00  -6.7984838797E-01   4.2550416482E-02  -7.5613584346E-02  -5.1528672822E-02
    6      0.0000000000E+00   5.5783843394E-02   1.4602222352E-02   4.8169089671E-01  -3.4845505806E-01
    7      0.0000000000E+00  -1.3867915594E-02   3.8166870483E-01  -1.9350280033E-01   2.4953235694E-01
    8      0.0000000000E+00   1.0132245646E-01   1.2848768924E-01  -4.6095993808E-01   3.7583211721E-01
    9      0.0000000000E+00  -1.0794909852E-01  -1.5060910375E-01   4.9950769803E-02  -5.4942599257E-02
   10      0.0000000000E+00  -4.2437042117E-02   4.2903006549E-01   8.2582679319E-02   2.7813748875E-01
   11      0.0000000000E+00  -1.0906905715E-02   2.9866974958E-01   5.8459307104E-01   4.9525251300E-01
   12      0.0000000000E+00  -3.7911747356E-03   3.2579217755E-01   2.6005815325E-01  -2.2126966731E-01
   13      0.0000000000E+00   1.1350911312E-01   2.5974253821E-02   2.4658061259E-02  -1.2903033046E-02
   14      0.0000000000E+00  -4.4642675774E-02  -6.3342807745E-01   2.5522870567E-01   5.4164982944E-01
                   10                 11                 12                 13                 14        
    0     -9.9795044019E-03  -3.1642120453E-03   2.7871693079E-03   3.1075833592E-04  -1.0750870063E-02
    1     -4.9585872996E-03   9.3475515145E-03   6.8972213765E-04  -2.7180590095E-03   8.5590060482E-03
    2     -2.4152206383E-03  -5.9804071511E-03   8.7623829025E-04   1.0478358553E-03   2.4370809980E-02
    3     -5.7246733296E-02  -2.0236038704E-02   5.8837263757E-02   6.8040972040E-03  -2.3647495676E-03
    4     -2.8888904746E-02   5.4992876295E-02   1.4854150252E-02  -5.9193708883E-02   2.1153563487E-03
    5     -1.4465819852E-02  -2.9392703422E-02   2.0591135149E-02   2.3797564082E-02   5.8970004387E-03
    6      1.4897705421E-01  -3.7135537359E-01  -2.9707784294E-01  -3.6904977530E-01  -3.6277419406E-01
    7      5.5750838172E-01  -2.3184612853E-01   2.6832931234E-01  -1.8103030188E-04   1.6787249938E-01
    8      1.7750945240E-01   3.3635452884E-01  -4.7951916988E-01  -3.6875179367E-01  -4.1831956856E-01
    9      1.7592956976E-01   2.6651210960E-01  -6.3916706593E-01   3.3202603957E-01   5.1702781892E-01
   10     -2.2644925993E-01  -5.0048659454E-01  -3.4884811994E-01  -3.0890942719E-02   2.4600104956E-01
   11     -3.5349807379E-01   3.7164636725E-01   1.5021032312E-01   3.9856780968E-02  -5.9884504368E-02
   12      5.1562175355E-01   3.9619176536E-01   1.9092120178E-01  -4.8984036228E-02   4.4562027111E-02
   13      9.1874482490E-02  -7.1309056554E-02  -1.0742569950E-01   7.7954604394E-01  -5.7492819465E-01
   14      3.8669306308E-01  -2.6284584172E-01   7.0043905612E-02   2.8699707101E-02   2.1123258307E-02

#
# The atoms: label  mass x y z (in bohrs)
#
$atoms
5
 O     15.99900      0.482380588195    -0.572928874300    -2.338926641977
 C     12.01100     -0.463991200427     0.184721403496    -0.182628866514
 H      1.00800      0.718915555133    -0.327562282833     1.542663838246
 H      1.00800     -2.412868263178    -0.613200219590     0.268275943149
 H      1.00800     -0.724631914674     2.316249787121    -0.019851254804

$actual_temperature
  0.000000

$frequency_scale_factor
  1.000000

$dipole_derivatives
15
    0.0000000000E+00    0.0000000000E+00    0.0000000000E+00
    0.0000000000E+00    0.0000000000E+00    0.0000000000E+00
    0.0000000000E+00    0.0000000000E+00    0.0000000000E+00
    0.0000000000E+00    0.0000000000E+00    0.0000000000E+00
    0.0000000000E+00    0.0000000000E+00    0.0000000000E+00
    0.0000000000E+00    0.0000000000E+00    0.0000000000E+00
    0.0000000000E+00    0.0000000000E+00    0.0000000000E+00
    0.0000000000E+00    0.0000000000E+00    0.0000000000E+00
    0.0000000000E+00    0.0000000000E+00    0.0000000000E+00
    0.0000000000E+00    0.0000000000E+00    0.0000000000E+00
    0.0000000000E+00    0.0000000000E+00    0.0000000000E+00
    0.0000000000E+00    0.0000000000E+00    0.0000000000E+00
    0.0000000000E+00    0.0000000000E+00    0.0000000000E+00
    0.0000000000E+00    0.0000000000E+00    0.0000000000E+00
    0.0000000000E+00    0.0000000000E+00    0.0000000000E+00

#
# The IR spectrum
#  wavenumber T**2 TX TY  TY
#
$ir_spectrum
15
      0.00       0.0000       0.0000       0.0000       0.0000
      0.00       0.0000       0.0000       0.0000       0.0000
      0.00       0.0000       0.0000       0.0000       0.0000
      0.00       0.0000       0.0000       0.0000       0.0000
      0.00       0.0000       0.0000       0.0000       0.0000
      0.00       0.0000       0.0000       0.0000       0.0000
   1133.74       0.0000       0.0000       0.0000       0.0000
   1177.91       0.0000       0.0000       0.0000       0.0000
   1179.52       0.0000       0.0000       0.0000       0.0000
   1479.55       0.0000       0.0000       0.0000       0.0000
   1503.58       0.0000       0.0000       0.0000       0.0000
   1504.37       0.0000       0.0000       0.0000       0.0000
   2235.06       0.0000       0.0000       0.0000       0.0000
   2235.95       0.0000       0.0000       0.0000       0.0000
   2491.81       0.0000       0.0000       0.0000       0.0000

$job_list
15
    0    1    1    1
    1    1    1    1
    2    1    1    1
    3    1    1    1
    4    1    1    1


$end

