{"scheme":["CH4 + Cl· -> H3CHCl‡ -> CH3· + HCl"],"compounds":{"CH4":{"logfile":"methane.out","energy":-106143681.51336429,"mult":1,"atomnos":[6,1,1,1,1],"atommasses":[12.011,1.008,1.008,1.008,1.008],"atomcoords":[[-0.0,0.0,-0.0],[-0.624947,-0.624947,0.624947],[0.624947,-0.624947,-0.624947],[-0.624947,0.624947,-0.624947],[0.624947,0.624947,0.624947]],"vibfreqs":[1358.04,1358.04,1358.04,1599.64,1599.64,3092.99,3215.21,3215.21,3215.21],"vibdisps":[[[0.075597,0.065778,0.074612],[-0.241596,-0.194118,-0.484719],[-0.485826,-0.197777,-0.24049],[-0.208798,-0.474804,-0.204033],[0.035431,0.082909,0.040196]],[[-0.067822,0.102639,-0.021769],[0.432997,-0.39125,0.000213],[0.051905,-0.220257,0.381304],[-0.028922,-0.13943,-0.251607],[0.352169,-0.472077,0.129484]],[[-0.072758,-0.027332,0.097815],[-0.015589,-0.235244,-0.10557],[0.085891,0.398081,-0.20705],[0.449071,0.034902,-0.375716],[0.347591,0.127936,-0.477196]],[[-0.0,0.0,-0.0],[0.291218,-0.393387,-0.102169],[-0.291218,-0.393387,0.102169],[0.291218,0.393387,0.102169],[-0.291218,0.393387,-0.102169]],[[-0.0,-0.0,0.0],[-0.28611,-0.109147,-0.395257],[0.28611,-0.109147,0.395257],[-0.28611,0.109147,0.395257],[0.28611,0.109147,-0.395257]],[[-0.0,-0.0,0.0],[-0.288675,-0.288675,0.288675],[0.288675,-0.288675,-0.288675],[-0.288675,0.288675,-0.288675],[0.288675,0.288675,0.288675]],[[0.032374,-0.0764,0.039848],[0.274663,0.251449,-0.25925],[-0.213123,0.203728,0.228536],[-0.467542,0.458146,-0.465947],[0.020244,-0.002969,0.021839]],[[-0.085001,-0.021336,0.02815],[0.411189,0.424776,-0.423322],[0.274964,-0.297657,-0.287096],[0.095235,-0.117928,0.119383],[0.23146,0.245047,0.255608]],[[0.014128,0.046698,0.078055],[0.058015,0.064966,-0.038342],[0.356168,-0.343187,-0.336495],[-0.142186,0.155167,-0.128543],[-0.440339,-0.433388,-0.426696]]],"hessian":[[0.56745361681,6.9422349013e-11,-4.2564674086e-10,-0.14186588792,-0.095581558532,0.095581559639,-0.14186588847,0.095581558494,0.095581558376,-0.14186588797,0.095581559196,-0.095581558723,-0.14186588901,-0.095581559229,-0.095581558867],[6.9422349013e-11,0.56745361666,1.4332606334e-10,-0.095581558733,-0.14186588809,0.095581559014,0.095581558999,-0.14186588859,-0.095581559365,0.095581558491,-0.14186588779,0.095581558917,-0.095581558829,-0.14186588875,-0.095581558711],[-4.2564674086e-10,1.4332606334e-10,0.56745361683,0.095581558735,0.095581558695,-0.14186588776,0.095581559212,-0.095581558578,-0.14186588859,-0.095581558667,0.095581558969,-0.14186588815,-0.095581558854,-0.095581559231,-0.14186588889],[-0.14186588792,-0.095581558733,0.095581558735,0.15095295713,0.10447175771,-0.10447175768,-0.01121388223,-0.012124701721,0.0088870981704,0.0133431796,0.012124701425,-0.012124701652,-0.011213882438,-0.0088870980842,0.012124701832],[-0.095581558532,-0.14186588809,0.095581558695,0.10447175771,0.15095295701,-0.10447175771,0.012124701666,0.013343179815,-0.012124701726,-0.012124701698,-0.011213882412,0.008887098472,-0.0088870985495,-0.01121388218,0.012124701678],[0.095581559639,0.095581559014,-0.14186588776,-0.10447175768,-0.10447175771,0.15095295669,0.0088870978949,0.012124701554,-0.011213882248,0.012124701537,0.0088870979361,-0.011213882435,-0.012124701987,-0.012124701386,0.013343179891],[-0.14186588847,0.095581558999,0.095581559212,-0.01121388223,0.012124701666,0.0088870978949,0.15095295669,-0.10447175764,-0.10447175756,-0.011213882043,0.0088870980873,0.012124701643,0.01334318019,-0.012124701713,-0.012124701783],[0.095581558494,-0.14186588859,-0.095581558578,-0.012124701721,0.013343179815,0.012124701554,-0.10447175764,0.15095295701,0.10447175759,0.0088870983221,-0.011213882233,-0.012124701947,0.012124701945,-0.011213881854,-0.0088870980194],[0.095581558376,-0.095581559365,-0.14186588859,0.0088870981704,-0.012124701726,-0.011213882248,-0.10447175756,0.10447175759,0.15095295662,-0.012124701432,0.012124702005,0.013343180267,0.012124701854,-0.0088870979048,-0.011213881906],[-0.14186588797,0.095581558491,-0.095581558667,0.0133431796,-0.012124701698,0.012124701537,-0.011213882043,0.0088870983221,-0.012124701432,0.15095295633,-0.10447175758,0.10447175721,-0.011213881782,0.012124701871,-0.008887098051],[0.095581559196,-0.14186588779,0.095581558969,0.012124701425,-0.011213882412,0.0088870979361,0.0088870980873,-0.011213882233,0.012124702005,-0.10447175758,0.15095295631,-0.10447175771,-0.012124701722,0.013343180266,-0.012124701801],[-0.095581558723,0.095581558917,-0.14186588815,-0.012124701652,0.008887098472,-0.011213882435,0.012124701643,-0.012124701947,0.013343180267,0.10447175721,-0.10447175771,0.15095295617,-0.0088870978825,0.012124701668,-0.011213881711],[-0.14186588901,-0.095581558829,-0.095581558854,-0.011213882438,-0.0088870985495,-0.012124701987,0.01334318019,0.012124701945,0.012124701854,-0.011213881782,-0.012124701722,-0.0088870978825,0.15095295718,0.10447175775,0.10447175747],[-0.095581559229,-0.14186588875,-0.095581559231,-0.0088870980842,-0.01121388218,-0.012124701386,-0.012124701713,-0.011213881854,-0.0088870979048,0.012124701871,0.013343180266,0.012124701668,0.10447175775,0.15095295665,0.10447175745],[-0.095581558867,-0.095581558711,-0.14186588889,0.012124701832,0.012124701678,0.013343179891,-0.012124701783,-0.0088870980194,-0.011213881906,-0.008887098051,-0.012124701801,-0.011213881711,0.10447175747,0.10447175745,0.15095295675]]},"Cl·":{"logfile":"Cl·.out","energy":-1206878421.4741397,"mult":2,"atomnos":[17],"atommasses":[35.453],"atomcoords":[[0.0,0.0,0.0]],"vibfreqs":[],"vibdisps":[],"hessian":[[2.4367721762e-11,-2.5806275338e-15,5.3193777113e-17],[-2.5806275338e-15,1.0757801852e-11,-2.6532142879e-17],[5.3193777113e-17,-2.6532142879e-17,1.0639954754e-11]]},"H3CHCl‡":{"logfile":"H3CHCl‡.out","energy":-1312987519.472649,"mult":2,"atomnos":[6,1,1,1,1,17],"atommasses":[12.011,1.008,1.008,1.008,1.008,35.453],"atomcoords":[[5.5e-05,1.7e-05,1.945369],[-1.055875,6.4e-05,2.157781],[0.528003,-0.914495,2.157604],[-7.1e-05,6.6e-05,0.584199],[0.528095,0.914463,2.157666],[-0.000204,-0.000115,-0.85833]],"vibfreqs":[-1167.33,390.48,391.15,524.13,981.78,981.81,1231.59,1458.5,1458.59,3147.28,3304.85,3304.94],"vibdisps":[[[-1.1e-05,6e-05,-0.1348],[0.036565,-9.9e-05,0.131674],[-0.018309,0.031623,0.131936],[9.4e-05,-0.001362,0.962159],[-0.018235,-0.031682,0.13143],[1e-06,2.3e-05,0.007081]],[[-0.024241,0.024569,-0.000915],[0.067244,-0.080229,0.457409],[0.070742,-0.065795,-0.633154],[-0.401002,0.406448,-0.000327],[0.081453,-0.076399,0.171963],[0.013375,-0.013556,0.000427]],[[-0.024584,-0.024254,0.000911],[0.068185,0.079289,0.465859],[0.082518,0.075456,0.165937],[-0.406769,-0.40132,0.000411],[0.072144,0.06512,-0.628077],[0.013558,0.013376,-0.000426]],[[2.9e-05,0.000558,0.305507],[0.031609,-0.001413,0.504548],[-0.015864,0.026145,0.497767],[5.3e-05,0.004176,0.339691],[-0.015616,-0.028534,0.511395],[-1.5e-05,-0.0002,-0.156198]],[[-0.051706,-0.046495,-0.000124],[0.02235,0.042034,0.3312],[0.050153,0.036254,0.093193],[0.618712,0.556325,-5e-05],[0.030977,0.014765,-0.420944],[-0.003016,-0.002711,-5.5e-05]],[[0.046458,-0.051666,-0.000149],[-0.019674,0.046695,-0.295314],[-0.025801,0.018668,0.435241],[-0.556539,0.618896,5.8e-05],[-0.047189,0.037694,-0.136063],[0.002719,-0.003023,-6.1e-05]],[[-1.3e-05,0.000229,-0.139252],[0.117954,-0.000296,0.494267],[-0.058895,0.10181,0.493397],[-3.8e-05,-0.002374,-0.453484],[-0.058921,-0.102413,0.495164],[2e-06,1.6e-05,0.01791]],[[-0.052592,-0.064546,-2.1e-05],[-0.065452,0.610894,-0.108941],[0.656268,0.336364,-0.061305],[-0.018073,-0.022151,9.5e-05],[0.057662,-0.151436,0.170476],[-0.000106,-0.00013,-2e-06]],[[-0.064574,0.052632,2.5e-05],[-0.080179,-0.497812,-0.133818],[0.194363,0.22372,0.161133],[-0.022237,0.0181,-6.2e-05],[0.681961,-0.374781,-0.027629],[-0.000127,0.000103,2e-06]],[[1e-06,-5e-06,-0.025088],[-0.568099,-5e-05,0.101553],[0.283872,-0.491781,0.10112],[-1e-06,-3.8e-05,-0.018906],[0.284214,0.492101,0.101809],[0.0,-5e-06,0.00038]],[[-0.069948,-0.068593,-1.9e-05],[0.568611,-0.009214,-0.115268],[-0.11038,0.165776,-0.040181],[-0.006912,-0.006781,-3e-06],[0.380433,0.665865,0.155671],[4.9e-05,4.8e-05,0.0]],[[0.068598,-0.069952,-3e-05],[-0.557341,-0.009491,0.112904],[-0.382773,0.669691,-0.155827],[0.006767,-0.006903,-5e-06],[0.117809,0.178341,0.043281],[-5.3e-05,5.4e-05,0.0]]],"hessian":[[0.61317141353,6.1089682882e-06,-4.7245989985e-05,-0.34389203855,-6.4724055169e-05,0.069594387283,-0.12738532759,0.1250218414,-0.034683130837,-0.016327282991,2.5324493653e-06,1.16486302e-05,-0.12746153888,-0.12496588691,-0.034865586648,0.0018960991232,1.2610945597e-07,-1.0073188368e-05],[6.1089682882e-06,0.61317153866,0.0001550701401,-3.2567196264e-05,-0.055254665899,3.6639741463e-05,0.12500941474,-0.27183252386,0.060123507808,2.5307736253e-06,-0.016327293403,1.9859210723e-05,-0.1249856143,-0.27164940307,-0.06034518917,1.2413322398e-07,0.0018961036583,1.012614059e-05],[-4.7245989985e-05,0.0001550701401,0.10077960769,0.057465774575,-1.4400422071e-05,-0.034302937032,-0.028655772509,0.049625435701,-0.034207039446,1.1680059317e-05,3.663610973e-05,0.10921169761,-0.028770707815,-0.049835948427,-0.034363827025,-1.0045676042e-05,3.3218070823e-05,-0.10709877914],[-0.34389203855,-3.2567196264e-05,0.057465774575,0.3617057245,4.7448924345e-05,-0.065329802064,-0.0083526519432,-0.0028608792492,0.004108999005,-0.0021273905623,2.6721686554e-06,1.5319579244e-05,-0.008352929495,0.0028459360176,0.0041063614854,0.0010139858814,-2.666161075e-06,-0.00036262024239],[-6.4724055169e-05,-0.055254665899,-1.4400422071e-05,4.7448924345e-05,0.047124039659,-4.4506570183e-06,0.024743563299,0.0042816470708,-0.0069823131794,3.1612805767e-06,-0.00019359739864,2.6057660966e-05,-0.02472968093,0.0042887226461,0.0069870992085,2.3199432982e-07,-0.00024540101376,-1.1992282047e-05],[0.069594387283,3.6639741463e-05,-0.034302937032,-0.065329802064,-4.4506570183e-06,0.036976985497,-0.0080905088066,5.0880828508e-05,0.0049418401332,0.011732398954,2.3084008357e-07,-0.016188269297,-0.0081067970747,-8.0146641459e-05,0.0049314895924,0.00020093381989,-3.1392016618e-06,0.0036399894072],[-0.12738532759,0.12500941474,-0.028655772509,-0.0083526519432,0.024743563299,-0.0080905088066,0.12574310036,-0.13625087191,0.032563971925,-0.00067852335103,0.00083977553239,-2.260939536e-06,0.010604725923,-0.013796257913,0.0040046878145,7.0791798676e-05,-0.00054494130232,0.00017786891362],[0.1250218414,-0.27183252386,0.049625435701,-0.0028608792492,0.0042816470708,5.0880828508e-05,-0.13625087191,0.28316367072,-0.056414911309,0.00083685968916,-0.001641868045,2.9228833604e-05,0.013794330714,-0.014669426075,0.0070311772536,-0.0005437667354,0.00069692155495,-0.00031832222628],[-0.034683130837,0.060123507808,-0.034207039446,0.004108999005,-0.0069823131794,0.0049418401332,0.032563971925,-0.056414911309,0.036869996575,-0.0058687111628,0.010164450735,-0.016179248439,0.0039799087344,-0.0070610288256,0.0049355521744,-9.9823359045e-05,0.00017040370532,0.0036379935298],[-0.016327282991,2.5307736253e-06,1.1680059317e-05,-0.0021273905623,3.1612805767e-06,0.011732398954,-0.00067852335103,0.00083685968916,-0.0058687111628,0.026127672473,-5.3994803726e-06,-5.3843366714e-06,-0.00067914297312,-0.00083673376692,-0.0058676868151,-0.0063152354294,-4.1806498925e-07,-2.2990995463e-06],[2.5324493653e-06,-0.016327293403,3.663610973e-05,2.6721686554e-06,-0.00019359739864,2.3084008357e-07,0.00083977553239,-0.001641868045,0.010164450735,-5.3994803726e-06,0.026127761528,0.00011424597712,-0.00083916530702,-0.0016481204926,-0.010158661346,-4.1504852472e-07,-0.0063153023944,-0.00015689350813],[1.16486302e-05,1.9859210723e-05,0.10921169761,1.5319579244e-05,2.6057660966e-05,-0.016188269297,-2.260939536e-06,2.9228833604e-05,-0.016179248439,-5.3843366714e-06,0.00011424597712,-0.029810153626,-1.4982939424e-05,9.7891376437e-07,-0.016194030687,-2.3593756707e-06,-0.00019043008214,-0.030870213782],[-0.12746153888,-0.1249856143,-0.028770707815,-0.008352929495,-0.02472968093,-0.0081067970747,0.010604725923,0.013794330714,0.0039799087344,-0.00067914297312,-0.00083916530702,-1.4982939424e-05,0.12581859259,0.13621130903,0.032723661031,7.2409583016e-05,0.00054819598973,0.00018690205185],[-0.12496588691,-0.27164940307,-0.049835948427,0.0028459360176,0.0042887226461,-8.0146641459e-05,-0.013796257913,-0.014669426075,-0.0070610288256,-0.00083673376692,-0.0016481204926,9.7891376437e-07,0.13621130903,0.28297375823,0.05666280672,0.00054412109226,0.00070299228921,0.0003098468809],[-0.034865586648,-0.06034518917,-0.034363827025,0.0041063614854,0.0069870992085,0.0049314895924,0.0040046878145,0.0070311772536,0.0049355521744,-0.0058676868151,-0.010158661346,-0.016194030687,0.032723661031,0.05666280672,0.037047980434,-0.0001002245016,-0.00017731749492,0.0036419416097],[0.0018960991232,1.2413322398e-07,-1.0045676042e-05,0.0010139858814,2.3199432982e-07,0.00020093381989,7.0791798676e-05,-0.0005437667354,-9.9823359045e-05,-0.0063152354294,-4.1504852472e-07,-2.3593756707e-06,7.2409583016e-05,0.00054412109226,-0.0001002245016,0.0032615955079,-2.959720349e-07,1.1519519869e-05],[1.2610945597e-07,0.0018961036583,3.3218070823e-05,-2.666161075e-06,-0.00024540101376,-3.1392016618e-06,-0.00054494130232,0.00069692155495,0.00017040370532,-4.1806498925e-07,-0.0063153023944,-0.00019043008214,0.00054819598973,0.00070299228921,-0.00017731749492,-2.959720349e-07,0.0032616600805,0.00016724429277],[-1.0073188368e-05,1.012614059e-05,-0.10709877914,-0.00036262024239,-1.1992282047e-05,0.0036399894072,0.00017786891362,-0.00031832222628,0.0036379935298,-2.2990995463e-06,-0.00015689350813,-0.030870213782,0.00018690205185,0.0003098468809,0.0036419416097,1.1519519869e-05,0.00016724429277,0.12706326504]]},"CH3·":{"logfile":"CH3·.out","energy":-104365818.52025914,"mult":2,"atomnos":[6,1,1,1],"atommasses":[12.011,1.008,1.008,1.008],"atomcoords":[[0.0,0.0,0.0],[1.07085,-0.0,-0.0],[-0.535425,0.927383,-0.0],[-0.535425,-0.927383,-0.0]],"vibfreqs":[501.84,1450.24,1450.28,3200.43,3371.48,3371.49],"vibdisps":[[[-0.0,0.0,0.143847],[0.0,-0.0,-0.571346],[-0.0,0.0,-0.571346],[-0.0,-0.0,-0.571346]],[[0.092458,-6e-06,0.0],[0.075062,5.5e-05,-0.0],[-0.588352,-0.38303,-0.0],[-0.588404,0.38305,-0.0]],[[6e-06,0.092458,-0.0],[5e-06,-0.809527,0.0],[-0.383077,-0.146113,0.0],[0.382997,-0.146061,0.0]],[[-1e-06,0.0,-0.0],[0.577363,0.0,0.0],[-0.288674,0.499993,0.0],[-0.288674,-0.499993,0.0]],[[0.100275,5.6e-05,-0.0],[-0.81222,9e-06,0.0],[-0.191113,0.358157,0.0],[-0.191517,-0.358837,0.0]],[[5.6e-05,-0.100275,0.0],[-0.000457,-0.015667,-0.0],[-0.358598,0.605457,-0.0],[0.358382,0.605054,-0.0]]],"hessian":[[0.64688858435,3.2561952645e-10,-2.5501233011e-15,-0.3731297935,-8.9210359694e-10,-3.6063587183e-12,-0.13688476011,0.13639687752,3.3519489467e-12,-0.13688475991,-0.13639687694,5.0106638057e-12],[3.2561952645e-10,0.64688868245,5.3760789566e-15,-2.7180402677e-10,-0.058138225253,-9.4003307267e-14,0.13639674079,-0.29438159305,-5.79825922e-12,-0.13639674085,-0.29438159009,8.6885768977e-12],[-2.5501233011e-15,5.3760789566e-15,0.023047334568,3.2848034094e-12,-4.4663900555e-15,-0.0076777021837,-1.638269449e-12,2.8426708185e-12,-0.007677692796,-1.640029804e-12,-2.8435801594e-12,-0.0076776929379],[-0.3731297935,-2.7180402677e-10,3.2848034094e-12,0.38843354882,9.3063659967e-10,4.5996705515e-13,-0.0076484526825,-0.0030860954114,6.0744294994e-12,-0.0076484527123,0.0030860947341,4.382879599e-12],[-8.9210359694e-10,-0.058138225253,-4.4663900555e-15,9.3063659967e-10,0.048191216863,9.1326602798e-15,0.024949638348,0.004974067933,-2.165231362e-12,-0.024949638387,0.0049740680335,1.6780483038e-12],[-3.6063587183e-12,-9.4003307267e-14,-0.0076777021837,4.5996705515e-13,9.1326602798e-15,0.0025645625595,1.5580855884e-12,-3.9894924849e-12,0.002554195164,1.5999427793e-12,4.074362137e-12,0.0025541955815],[-0.13688476011,0.13639674079,-1.638269449e-12,-0.0076484526825,0.024949638348,1.5580855884e-12,0.13325047564,-0.14733225643,-8.2724020515e-12,0.011284676783,-0.014017472427,-7.6766942552e-13],[0.13639687752,-0.29438159305,2.8426708185e-12,-0.0030860954114,0.004974067933,-3.9894924849e-12,-0.14733225643,0.30337255953,1.4311385009e-11,0.014017472401,-0.01395923522,4.2525801338e-12],[3.3519489467e-12,-5.79825922e-12,-0.007677692796,6.0744294994e-12,-2.165231362e-12,0.002554195164,-8.2724020515e-12,1.4311385009e-11,0.0025645587671,-1.1617730228e-12,-6.3389366434e-12,0.002554189979],[-0.13688475991,-0.13639674085,-1.640029804e-12,-0.0076484527123,-0.024949638387,1.5999427793e-12,0.011284676783,0.014017472401,-1.1617730228e-12,0.13325047546,0.14733225655,-8.6336722485e-12],[-0.13639687694,-0.29438159009,-2.8435801594e-12,0.0030860947341,0.0049740680335,4.074362137e-12,-0.014017472427,-0.01395923522,-6.3389366434e-12,0.14733225655,0.30337255645,-1.4628162473e-11],[5.0106638057e-12,8.6885768977e-12,-0.0076776929379,4.382879599e-12,1.6780483038e-12,0.0025541955815,-7.6766942552e-13,4.2525801338e-12,0.002554189979,-8.6336722485e-12,-1.4628162473e-11,0.0025645584923]]},"HCl":{"logfile":"HCl.out","energy":-1208630630.7993848,"mult":1,"atomnos":[17,1],"atommasses":[35.453,1.008],"atomcoords":[[0.0,0.0,0.034539],[0.0,0.0,-1.236731]],"vibfreqs":[3053.64],"vibdisps":[[[0.0,0.0,0.028421],[0.0,0.0,-0.999596]]],"hessian":[[-2.1160826833e-06,5.6488582717e-15,-8.998810534e-13,2.1161071116e-06,-5.6270851202e-15,8.998810534e-13],[5.6488582717e-15,-2.1160948941e-06,-1.0898194413e-12,-5.9553918954e-15,2.1161070893e-06,1.0898194413e-12],[-8.998810534e-13,-1.0898194413e-12,0.34588256649,8.9988105371e-13,1.0898194416e-12,-0.34588256648],[2.1161071116e-06,-5.9553918954e-15,8.9988105371e-13,-2.1161071088e-06,5.9366680666e-15,-8.9988105371e-13],[-5.6270851202e-15,2.1161070893e-06,1.0898194416e-12,5.9366680666e-15,-2.1161070832e-06,-1.0898194416e-12],[8.998810534e-13,1.0898194413e-12,-0.34588256648,-8.9988105371e-13,-1.0898194416e-12,0.34588256648]]}}}