{"scheme":["R1(MeOH) <=> R2(MeOH)","P1(MeOH) <=> P2(MeOH)","R1(MeOH) + MeO-(MeOH) -> TS1#(MeOH) -> P1(MeOH) + Br-(MeOH)","R2(MeOH) + MeO-(MeOH) -> TS2#(MeOH) -> P2(MeOH) + Br-(MeOH)"],"compounds":{"R1(MeOH)":{"energy":-59274173.977161705,"hessian":[[0.4561874141,-0.028526141344,0.0053245494185,-0.089174338073,-0.046370493292,-0.021293592395,0.00056443988872,-0.0010400034415,0.00023980097816,0.00088472224173,-0.00056814829295,0.00025873284099,0.005015599414,0.007739573293,0.0044059336853,0.0001171348556,-0.00015233377419,-2.7222757783e-05,-1.803525521e-06,0.00014285163324,0.0001358778441,-0.18059336528,-0.0034779363461,0.032518688567,0.00053360086835,-0.0002847126106,-0.00076281494562,-0.016728436784,-0.025001996068,-0.010322753747,-0.024902500794,0.011495632568,-0.00070763251192,-0.0081548930682,0.0004591992093,0.0051314722352,-0.01815973076,-0.0025151835293,0.0032673190055,0.00032770686286,0.00010496397627,0.00021627727325,-0.0001384590625,0.003145963141,-0.0006876064984,-0.044540896856,0.0019209209893,0.022416696182,-0.083028745713,0.081593157804,-0.039309430178,0.0017924217604,0.0013347007002,-0.00080428820981],[-0.028526141344,0.50090584058,-0.020478911505,-0.047411977674,-0.15168895296,-0.040595951887,-0.0018021389276,0.0021890951824,-0.0005294673743,0.00019966730318,0.00038358573942,-0.00044957856737,-0.0077345801722,-0.032173064543,-0.0062894534289,-0.00027771646569,0.0003210896324,2.1922726202e-05,0.00027112281622,-0.00016334441941,-0.00015782682332,0.0027915824718,-0.063656542635,-0.00040746382476,-0.0016530371509,-0.003448605157,-0.0043229425963,-0.0034003860816,-0.0029342355162,-0.0012888455459,0.020730120812,-0.0026323170536,-0.0031681330206,-0.00017981510366,0.00067546703621,-0.00022554842943,-0.023753129427,-0.0010301338686,0.0045553097028,-0.00037599451933,0.00089092739512,-0.00081334739985,0.0022920256856,-0.0048870968945,0.0016640102284,0.0019213488865,-0.04434901584,-0.0031849341514,0.08162139454,-0.19592159095,0.075265491341,0.0052876419564,-0.0024814082632,0.00040565105696],[0.0053245494185,-0.020478911505,0.52553885021,-0.021317401646,-0.040365187655,-0.087376155517,2.6305634159e-05,-0.00055850640944,4.5855576386e-05,-0.0009290726819,0.00037387320515,0.00048089091742,0.0044051363652,0.0062914823185,0.0039142713437,-1.6951006467e-05,0.00011774986361,-5.7951445117e-05,-1.2905345906e-05,2.5292040579e-05,-2.786459063e-05,0.030226901762,0.00037843602475,-0.075054332131,-0.013703259006,-0.026525886483,-0.015873897008,0.0031745191663,0.0051737702068,0.0026953923423,-0.0058915947395,-0.00045537635796,0.0023614610461,0.030085178888,-0.00047449253071,-0.010473130992,-0.010416689699,-0.00065051579876,0.0027281037263,0.00018870332417,0.0012496587244,0.00083882600497,-0.00086350953487,0.0026211299204,3.1575244814e-05,0.022371612885,-0.003249698392,-0.2688879646,-0.038994998484,0.075010386749,-0.081330984948,-0.0036564620219,0.0015167798684,0.00044676216869],[-0.089174338073,-0.047411977674,-0.021317401646,0.52304042386,3.4977250917e-06,-0.021289052554,-0.021666868472,0.023813631311,-0.0090110483977,-0.00023795826714,-3.3994263758e-08,-0.00014338606972,-0.089187872925,0.047420684397,-0.021325096701,-0.0062578170989,0.00071768558924,0.000853315172,0.00084485293612,0.00021049201391,-0.00080109211579,-0.021662461685,-0.023816022293,-0.0090106746287,-0.046717730998,-1.7912635021e-07,0.016498382524,-0.25735878672,-1.3930466584e-05,0.060741378041,0.0024344739003,2.370133965e-08,-0.00021474613265,0.00084463963576,-0.0002103639376,-0.00080090448552,-0.006257767794,-0.00071870013724,0.00085321787311,0.00073361789375,-0.00034581318345,-0.001132561387,0.0050327744409,-0.0087656947901,0.00354565532,0.00073424834164,0.00034749196336,-0.001131506858,0.0050327871169,0.0087693156701,0.0035461151426,-0.00017659584738,-1.0684455598e-07,0.00013940779327],[-0.046370493292,-0.15168895296,-0.040365187655,3.4977250917e-06,0.44675359176,-2.6738575928e-06,0.0082957697007,-0.0032782148462,0.00025237055172,-1.1170603245e-08,0.00016036460991,2.04474084e-09,0.046379461544,-0.15167502628,0.040364605678,1.3699489567e-05,0.0011900073681,-8.6320026513e-05,-0.00050531077198,0.00036318060042,9.1663248471e-05,-0.008297933386,-0.0032820364526,-0.00025351915205,-2.3217196648e-07,-0.041496160168,-1.0830799005e-06,-1.3968182669e-05,-0.040289079544,3.9448614702e-06,1.6658927455e-07,-0.0002677764863,-9.2680967045e-09,0.0005052946676,0.0003632099347,-9.1658020315e-05,-1.4377169745e-05,0.0011899574637,8.6523275645e-05,0.0023478458969,-0.0035410691035,0.0041349329778,0.01054630636,-0.025477412286,0.00888058005,-0.0023476477459,-0.0035424145767,-0.0041351988674,-0.010542009558,-0.025477748981,-0.0088789973269,-5.8589298755e-08,-4.3836897023e-06,2.4752871565e-08],[-0.021293592395,-0.040595951887,-0.087376155517,-0.021289052554,-2.6738575928e-06,0.52360889768,0.00066532914218,-0.0038553493434,0.0024451311919,-1.1064056212e-05,1.9100549608e-08,-5.7469167697e-05,-0.021301296868,0.040595318148,-0.087378751318,0.0018548214021,-0.00031573022176,0.00047550635005,0.00091525267137,-0.00078550318591,0.00081884041832,0.00066423920833,0.0038547927916,0.0024448812292,0.016916118199,-8.4069970344e-07,-0.27046333672,0.060163516116,3.8277505569e-06,-0.061942728469,-0.00090452227838,-4.20964255e-08,0.00024870728425,0.00091498959313,0.00078546399083,0.00081867633045,0.0018544947695,0.00031593134689,0.00047564560657,-0.013990542755,0.026103096681,-0.015914628428,0.0041403228661,-0.0088141597231,0.003923514544,-0.013986229443,-0.026104724842,-0.015912569772,0.004139870629,0.0088165044826,0.0039236103635,0.00054733826252,2.154011502e-08,-0.00013806832796],[0.00056443988872,-0.0018021389276,2.6305634159e-05,-0.021666868472,0.0082957697007,0.00066532914218,0.45098636202,-0.036736103557,0.0019873556587,6.018379913e-05,-0.0011689828642,-0.0015409672388,-0.18058778836,-0.0028048630689,0.030229648211,-0.084477335225,0.081688854241,-0.039473910977,-0.043973095296,0.0016259062578,0.022823946446,0.0036350601632,0.0076968037902,0.0037749561651,0.00076304388777,-0.00062980783654,0.00058641869786,-0.0010338934118,0.0028906321059,-0.0010614526112,-0.070776639456,-0.04189746046,-0.022481497997,0.00017032339636,4.184569794e-05,0.00048417435841,-0.00010585350577,0.0025943076285,-0.00085089739906,-0.0082097726512,0.00030139539191,0.0050050889739,-0.018890239905,-0.002734493801,0.0034770048721,9.6895474647e-05,0.00013090791762,-4.3883914495e-05,9.6062808731e-05,-0.00021309256011,-3.0589799727e-05,-0.026651017683,-0.017279446917,-0.0035769929509],[-0.0010400034415,0.0021890951824,-0.00055850640944,0.023813631311,-0.0032782148462,-0.0038553493434,-0.036736103557,0.49730500859,-0.02031090194,-0.0021267396026,-0.0028643415445,-0.0034683470494,0.003462537474,-0.063658178036,-0.00037481547088,0.082988946717,-0.19318081514,0.073086416946,0.0019316855007,-0.045019269823,-0.0016084840033,-0.0076928432095,-0.028646600728,-0.0064632093695,0.00011886795556,0.00057636980307,-0.00066109090768,0.0034292286858,-0.0037269789498,0.0014433153955,-0.039864122166,-0.15495755668,-0.042679102569,-0.00037814618987,0.00087386796283,-0.00092795533608,0.0021051898923,-0.0044914864678,0.0014702712216,-0.00059255478047,0.00050303319658,-0.00012001570095,-0.024393920513,-0.0015043951188,0.0048598704043,0.00018669204991,-0.00015550380311,-0.00014459898428,-0.00019011704801,0.00045293817862,2.4571520598e-05,-0.0050221476226,-0.0004173830434,0.00028791698268],[0.00023980097816,-0.0005294673743,4.5855576386e-05,-0.0090110483977,0.00025237055172,0.0024451311919,0.0019873556587,-0.02031090194,0.52643133573,-0.012163058971,-0.025381793575,-0.015000382513,0.032520218278,0.00041106451081,-0.075057280137,-0.039418001641,0.072476433009,-0.081108853243,0.023647946217,-0.00080375446054,-0.2693917299,0.0037747801878,0.0064636110809,0.0043715606277,-0.0011316715645,0.00029772648477,0.00077475643008,-0.0016914831889,0.0021551289764,-7.8365878494e-05,-0.022552613847,-0.041844967193,-0.08856662448,0.0002438283248,0.0011804200028,0.00088865425332,-0.0010221376247,0.0027269882556,2.3416279941e-05,0.030540788165,1.3396035227e-05,-0.010780952009,-0.010554297445,-0.00086858006386,0.002715407575,-5.5936894624e-05,0.00010212571059,3.7479779906e-05,-7.618365577e-05,5.8051447317e-05,-3.1327459925e-05,0.0047217680033,0.0036021261952,0.0022816040795],[0.00088472224173,0.00019966730318,-0.0009290726819,-0.00023795826714,-1.1170603245e-08,-1.1064056212e-05,6.018379913e-05,-0.0021267396026,-0.012163058971,0.051221346888,-1.1802416127e-06,-0.003990539169,0.00088462590453,-0.00019978082903,-0.00092939539161,0.00010527519957,0.00063902697777,0.00021933855474,-0.0002910006883,-0.0019832814592,-0.00097883029781,6.0076267175e-05,0.002127488602,-0.012165774967,4.7884195144e-05,1.6264900453e-08,0.00026882035048,-3.4733130157e-05,5.0222863987e-09,-9.1601567419e-07,-0.034030148756,-4.99506039e-08,0.0082155409191,-0.0002913917697,0.0019837232425,-0.00097909314396,0.00010548775323,-0.00063903506308,0.00021927752099,-0.00038539263739,-0.00033273330932,0.00016686575169,1.1672658546e-05,0.00013146882989,0.00017412378444,-0.00038537411793,0.00033257088971,0.0001668664211,1.1736196913e-05,-0.00013146525478,0.00017414886341,-0.017736989302,3.1024015603e-07,0.022542727482],[-0.00056814829295,0.00038358573942,0.00037387320515,-3.3994263758e-08,0.00016036460991,1.9100549608e-08,-0.0011689828642,-0.0028643415445,-0.025381793575,-1.1802416127e-06,0.051506725273,-4.5524452955e-06,0.00056833094408,0.00038361063255,-0.00037409084313,0.0002014476288,0.00051763946372,-0.00056414636158,-0.0026681718182,-0.0040858743334,-0.002789032667,0.0011691793946,-0.0028644671617,0.025380783016,1.3958109946e-08,-0.00024154151583,1.5677638795e-08,5.2164449024e-09,-9.4630513901e-05,-1.4230739295e-09,7.0562539413e-07,-0.040546972276,5.1591216333e-06,0.0026687379829,-0.0040853840183,0.0027889706763,-0.00020148479212,0.00051767029911,0.00056421037794,-0.00029132861105,3.8818031458e-05,0.00026991095531,0.00013951636139,-1.072341898e-05,0.00015092463722,0.00029117136558,3.8842770994e-05,-0.00026987671847,-0.00013947422298,-1.0761178324e-05,-0.00015095137656,-3.0378807259e-07,0.0012574723579,5.7824210088e-07],[0.00025873284099,-0.00044957856737,0.00048089091742,-0.00014338606972,2.04474084e-09,-5.7469167697e-05,-0.0015409672388,-0.0034683470494,-0.015000382513,-0.003990539169,-4.5524452955e-06,0.31031110629,0.00025888010163,0.00044972465512,0.00048102722553,0.00028972202613,0.00031239845,0.00056546671484,-0.001450983036,-0.0028023997305,-0.0011739162756,-0.0015413825722,0.0034683578149,-0.01500039086,0.00014064715286,3.9197442525e-09,2.1579366913e-05,2.0881590755e-05,-9.292689219e-10,1.5288223622e-06,0.0018585118618,4.7630652337e-06,-0.27570216406,-0.0014514475977,0.0028023177815,-0.0011738653107,0.00028979075831,-0.00031250494709,0.00056561776388,-0.00032123701722,-7.7744509958e-05,0.0002825986288,0.00011910314176,0.00011093351496,0.00017129179506,-0.00032124175465,7.7727296445e-05,0.00028245106287,0.0001190650423,-0.0001109113679,0.00017128628269,0.0074058143114,-1.8820704918e-07,-0.0052264891589],[0.005015599414,-0.0077345801722,0.0044051363652,-0.089187872925,0.046379461544,-0.021301296868,-0.18058778836,0.003462537474,0.032520218278,0.00088462590453,0.00056833094408,0.00025888010163,0.45617965359,0.028522753175,0.0053247173957,-0.01816304332,0.0025127756457,0.0032685646422,-0.0081535021475,-0.00046000756771,0.0051313255856,0.00056409953005,0.0010397790521,0.00023970967153,0.00053313703642,0.00028540888803,-0.00076365121089,-0.016732450913,0.024999941021,-0.010323504923,-0.024898814919,-0.011497797123,-0.00070699717238,-1.7587601744e-06,-0.0001428563033,0.00013586078751,0.00011710973665,0.00015232493413,-2.7228089943e-05,-0.044538654103,-0.0019190870672,0.022408354317,-0.083011845366,-0.081583442979,-0.03929495672,0.00032758755255,-0.00010509032782,0.00021614168898,-0.00013778070045,-0.0031453654576,-0.00068724331526,0.0017915687496,-0.0013351002931,-0.0008040237894],[0.007739573293,-0.032173064543,0.0062914823185,0.047420684397,-0.15167502628,0.040595318148,-0.0028048630689,-0.063658178036,0.00041106451081,-0.00019978082903,0.00038361063255,0.00044972465512,0.028522753175,0.50091580774,0.020485142335,0.023750620465,-0.0010265383211,-0.0045557515392,0.00017854253701,0.00067552008845,0.0002260827187,0.0018019714,0.0021893297688,0.00052946006179,0.0016532715181,-0.0034472427205,0.0043224087049,0.0033985586715,-0.00293052665,0.0012874529999,-0.020732753472,-0.0026368025342,0.0031683023036,-0.0002710856166,-0.00016337652881,0.00015780119123,0.00027768589164,0.00032108989703,-2.191818418e-05,-0.0019196301797,-0.044348329426,0.0031697150519,-0.081611853847,-0.19594790079,-0.075259888265,0.00037586841097,0.00089095062941,0.00081330440762,-0.0022913215363,-0.0048879728435,-0.0016639664025,-0.0052882287683,-0.0024816526048,-0.00040571554797],[0.0044059336853,-0.0062894534289,0.0039142713437,-0.021325096701,0.040364605678,-0.087378751318,0.030229648211,-0.00037481547088,-0.075057280137,-0.00092939539161,-0.00037409084313,0.00048102722553,0.0053247173957,0.020485142335,0.52553762659,-0.010415890708,0.00064900171993,0.0027283398559,0.030085128591,0.00047870675188,-0.010474170321,2.6167090538e-05,0.00055841394846,4.5817640591e-05,-0.013706837936,0.026523601511,-0.015874827763,0.0031752294017,-0.005173364279,0.0026955857713,-0.005891036011,0.00045428741511,0.002361723695,-1.2888423627e-05,-2.5309273525e-05,-2.788503186e-05,-1.6928556953e-05,-0.00011775053285,-5.7940927586e-05,0.022363473791,0.0032334808434,-0.26889152791,-0.038980908068,-0.075004912702,-0.081319721525,0.00018881866679,-0.0012495150404,0.00083874355852,-0.00086306844948,-0.0026209666279,3.1689353951e-05,-0.0036570032184,-0.0015170457931,0.00044698741111],[0.0001171348556,-0.00027771646569,-1.6951006467e-05,-0.0062578170989,1.3699489567e-05,0.0018548214021,-0.084477335225,0.082988946717,-0.039418001641,0.00010527519957,0.0002014476288,0.00028972202613,-0.01816304332,0.023750620465,-0.010415890708,0.10257874684,-0.093132497713,0.045194898558,0.0017915794929,-0.00076113559968,-3.444187897e-05,-0.0001052561966,-0.0021045209927,-0.0010218875907,2.6418125161e-05,-0.00024388173967,0.00022554455574,-0.0011284170574,0.0014455214452,-0.00047777240645,0.0040173212261,-0.010928519747,0.0041359155633,-0.00012474027645,3.8944678581e-05,-1.3836289293e-05,0.00017608237896,-0.00067165060388,0.00010096467154,0.00068784290712,0.00027954796893,-0.00015053722121,0.00028694329351,0.0001416492173,-0.00038772209856,-8.6549893022e-05,-3.0240424228e-05,-7.3861706991e-06,3.4720775803e-05,-9.4311227348e-05,7.4785228572e-06,0.00052120827051,-0.00061590245604,0.00013508101419],[-0.00015233377419,0.0003210896324,0.00011774986361,0.00071768558924,0.0011900073681,-0.00031573022176,0.081688854241,-0.19318081514,0.072476433009,0.00063902697777,0.00051763946372,0.00031239845,0.0025127756457,-0.0010265383211,0.00064900171993,-0.093132497713,0.22698864648,-0.082946670064,0.0015463561914,-0.0017601421524,0.003334100856,-0.0025937868666,-0.0044920203649,-0.0027270527465,-9.0368410315e-05,-1.2730777413e-05,-0.00012354421883,7.5363737232e-05,-0.00028168810373,4.6749321644e-05,0.0098119681415,-0.027560348387,0.0088408631187,-8.7647151869e-05,0.00023425426637,-0.00028798024833,0.00067185888022,-0.0016146485344,0.0003690179219,-6.8181949761e-05,5.1492123928e-05,-0.00017612355392,-0.00024039131545,0.00044151707265,1.1891722297e-05,-6.4739510832e-05,-3.9823743696e-05,1.115102674e-05,-1.4267734602e-05,4.8907551287e-05,-2.3293461804e-05,-0.0012197211445,0.00017544871063,0.00043102544614],[-2.7222757783e-05,2.1922726202e-05,-5.7951445117e-05,0.000853315172,-8.6320026513e-05,0.00047550635005,-0.039473910977,0.073086416946,-0.081108853243,0.00021933855474,-0.00056414636158,0.00056546671484,0.0032685646422,-0.0045557515392,0.0027283398559,0.045194898558,-0.082946670064,0.090037266015,-0.013931161991,0.027019727157,-0.017845827387,-0.00085078808979,-0.0014703623782,2.3281925719e-05,0.00016451838851,-0.00013007392645,0.00016782261307,7.814834356e-05,-0.00013246476224,0.00021438162599,0.0041082516216,-0.009202900883,0.0041400888519,-4.1380606387e-05,-0.00021586744689,0.00012035733751,0.00010102580563,-0.00036902939586,0.00030510413127,0.000379987781,-0.00049236789768,0.00037349530035,-0.00040965258793,-3.6079810983e-05,-7.4792695646e-05,-3.602297416e-08,-9.0564541282e-06,-1.7745552681e-05,2.6302756036e-06,-1.1778759596e-05,-1.7479018103e-05,0.00036347749044,9.4810910527e-05,-2.8332219474e-05],[-1.803525521e-06,0.00027112281622,-1.2905345906e-05,0.00084485293612,-0.00050531077198,0.00091525267137,-0.043973095296,0.0019316855007,0.023647946217,-0.0002910006883,-0.0026681718182,-0.001450983036,-0.0081535021475,0.00017854253701,0.030085128591,0.0017915794929,0.0015463561914,-0.013931161991,0.054914987919,0.0012237427765,-0.026965064842,0.00017028902114,0.00037815019061,0.00024402341746,-0.0003422436011,0.00032875243674,-0.00049316101532,0.00021392147963,-0.00021269416858,-0.00017270708362,-0.0001117036103,-0.0027506198768,-0.013977283667,0.00024831002105,0.00011966991148,9.5408158203e-05,-0.00012474813787,8.7626241951e-05,-4.1385900268e-05,-0.0061958532428,0.0001586187706,0.0025175027648,0.00066073367929,4.2023237162e-05,0.00037461202754,-0.00016031241802,-0.00012388651064,-0.00011684994606,-9.5149618744e-05,-3.7893333411e-05,4.8654861989e-06,0.00060478081339,3.2290752631e-05,-0.0007232407193],[0.00014285163324,-0.00016334441941,2.5292040579e-05,0.00021049201391,0.00036318060042,-0.00078550318591,0.0016259062578,-0.045019269823,-0.00080375446054,-0.0019832814592,-0.0040858743334,-0.0028023997305,-0.00046000756771,0.00067552008845,0.00047870675188,-0.00076113559968,-0.0017601421524,0.027019727157,0.0012237427765,0.051920554629,0.0038917393926,-4.1803586216e-05,0.00087395777873,-0.0011803359775,0.00033559351242,6.1002659948e-05,7.6066196627e-05,-4.7848347085e-05,-0.00011039554349,8.3108545298e-05,0.00063562532147,-0.0031902936499,-0.027229680633,-0.00011957721736,-0.00060965374297,0.00028859643833,-3.8997387816e-05,0.00023427405755,0.00021588496482,-0.00027550190055,0.00069188987363,-7.4858238867e-05,-0.0003105331569,1.3183202525e-05,0.00049731583117,-0.00011010119747,-5.8773886132e-05,0.00012758310277,-3.8325114316e-05,-4.0193643991e-05,-1.2620324076e-05,1.2906447766e-05,0.00020442925894,0.00018514979244],[0.0001358778441,-0.00015782682332,-2.786459063e-05,-0.00080109211579,9.1663248471e-05,0.00081884041832,0.022823946446,-0.0016084840033,-0.2693917299,-0.00097883029781,-0.002789032667,-0.0011739162756,0.0051313255856,0.0002260827187,-0.010474170321,-3.444187897e-05,0.003334100856,-0.017845827387,-0.026965064842,0.0038917393926,0.31295129315,0.0004840556516,0.0009280109238,0.00088865136545,0.00015279337455,-0.00026430834223,0.00025924744862,-0.00020593171418,0.00010882895505,8.677086582e-05,-0.00060944613945,-0.0044758552665,-0.017314023547,9.5431795825e-05,-0.00028864891465,0.00021181412475,-1.3872817044e-05,0.00028798923736,0.00012037496375,0.0024600916551,0.00013535414684,-0.00022569232027,-0.00021095828806,0.0001544476054,0.00042641660942,-9.1690444708e-05,0.00012507924081,-9.8714258335e-06,1.8543794153e-05,2.2398519149e-06,-2.5245100777e-05,-0.0013907600044,0.00029862367882,0.00072510179655],[-0.18059336528,0.0027915824718,0.030226901762,-0.021662461685,-0.008297933386,0.00066423920833,0.0036350601632,-0.0076928432095,0.0037747801878,6.0076267175e-05,0.0011691793946,-0.0015413825722,0.00056409953005,0.0018019714,2.6167090538e-05,-0.0001052561966,-0.0025937868666,-0.00085078808979,0.00017028902114,-4.1803586216e-05,0.0004840556516,0.45097839741,0.036720394156,0.0019824216605,0.00076292010155,0.00062973747456,0.0005861295102,-0.0010330996671,-0.0028903082394,-0.0010613333355,-0.070788398299,0.041913439432,-0.02248872231,-0.043974827929,-0.0016265378825,0.022832491568,-0.084455396608,-0.081670449766,-0.039466608428,9.6932448576e-05,-0.00013087245187,-4.3863531829e-05,9.5943648496e-05,0.00021300301497,-3.058792097e-05,-0.0082114962861,-0.00030231051553,0.0050053427164,-0.018894338171,0.0027325900621,0.0034770897264,-0.026645211015,0.017274915801,-0.0035762975399],[-0.0034779363461,-0.063656542635,0.00037843602475,-0.023816022293,-0.0032820364526,0.0038547927916,0.0076968037902,-0.028646600728,0.0064636110809,0.002127488602,-0.0028644671617,0.0034683578149,0.0010397790521,0.0021893297688,0.00055841394846,-0.0021045209927,-0.0044920203649,-0.0014703623782,0.00037815019061,0.00087395777873,0.0009280109238,0.036720394156,0.49731665525,0.020304323529,-0.00011883346512,0.00057641231953,0.00066110594666,-0.0034288407537,-0.0037278401329,-0.0014434083055,0.03988031536,-0.15496113485,0.042682960165,-0.0019324247978,-0.045019869855,0.0016155572766,-0.082970424538,-0.19319092586,-0.073094540277,-0.0001866448582,-0.00015553352635,0.00014466216515,0.00019002643352,0.00045304383309,-2.4579846593e-05,0.00059296845605,0.00050308970367,0.00012017431855,0.024391490346,-0.0015011819134,-0.0048583067568,0.0050181503863,-0.00041474646964,-0.0002891939206],[0.032518688567,-0.00040746382476,-0.075054332131,-0.0090106746287,-0.00025351915205,0.0024448812292,0.0037749561651,-0.0064632093695,0.0043715606277,-0.012165774967,0.025380783016,-0.01500039086,0.00023970967153,0.00052946006179,4.5817640591e-05,-0.0010218875907,-0.0027270527465,2.3281925719e-05,0.00024402341746,-0.0011803359775,0.00088865136545,0.0019824216605,0.020304323529,0.52643090031,-0.0011314160044,-0.00029779818707,0.00077462823068,-0.0016910476213,-0.0021552254024,-7.8286171571e-05,-0.022558526094,0.041848515646,-0.088567676011,0.023657013737,0.00081094135459,-0.26938743803,-0.039410544956,-0.072484229453,-0.081114866684,-5.5937143426e-05,-0.00010211528162,3.7463677147e-05,-7.62226879e-05,-5.8095643395e-05,-3.1333970884e-05,0.030540956377,-1.0410236584e-05,-0.010779527249,-0.010556221568,0.00086752358412,0.0027152335068,0.0047205361532,-0.0036020696392,0.0022811187809],[0.00053360086835,-0.0016530371509,-0.013703259006,-0.046717730998,-2.3217196648e-07,0.016916118199,0.00076304388777,0.00011886795556,-0.0011316715645,4.7884195144e-05,1.3958109946e-08,0.00014064715286,0.00053313703642,0.0016532715181,-0.013706837936,2.6418125161e-05,-9.0368410315e-05,0.00016451838851,-0.0003422436011,0.00033559351242,0.00015279337455,0.00076292010155,-0.00011883346512,-0.0011314160044,0.051772304835,-3.9537878402e-07,-0.017519993584,-0.0058714095862,-1.5900065389e-07,0.032428754054,-0.00022732802746,-2.99081605e-08,-8.9999359321e-05,-0.00034205442631,-0.00033563180548,0.00015278049071,2.6365482331e-05,9.0368931355e-05,0.00016451112792,-0.00063588044453,0.0023673944543,-0.0016924209701,0.00022906796683,-0.0004898265388,0.00024465581082,-0.00063515635588,-0.0023668875185,-0.0016918453737,0.00022904625658,0.00048989204955,0.0002447546401,-0.00015190590197,-8.7587358004e-10,5.7953629835e-05],[-0.0002847126106,-0.003448605157,-0.026525886483,-1.7912635021e-07,-0.041496160168,-8.4069970344e-07,-0.00062980783654,0.00057636980307,0.00029772648477,1.6264900453e-08,-0.00024154151583,3.9197442525e-09,0.00028540888803,-0.0034472427205,0.026523601511,-0.00024388173967,-1.2730777413e-05,-0.00013007392645,0.00032875243674,6.1002659948e-05,-0.00026430834223,0.00062973747456,0.00057641231953,-0.00029779818707,-3.9537878402e-07,0.05353523326,1.2886801681e-06,-4.3830627607e-07,0.0012347364957,2.0899286353e-06,-3.112486131e-08,0.00012432551325,-2.4914337037e-08,-0.00032874802205,6.0842068657e-05,0.00026433383565,0.00024386427448,-1.2691549681e-05,0.00013012745668,0.0028181138584,-0.0041962385362,0.00297796056,-0.00023523179395,0.00047413489734,0.00056452435157,-0.0028176700357,-0.0041970574654,-0.0029781012601,0.00023521753748,0.00047426533236,-0.00056462650616,-1.5052997518e-08,-6.5023673037e-05,3.014500676e-09],[-0.00076281494562,-0.0043229425963,-0.015873897008,0.016498382524,-1.0830799005e-06,-0.27046333672,0.00058641869786,-0.00066109090768,0.00077475643008,0.00026882035048,1.5677638795e-08,2.1579366913e-05,-0.00076365121089,0.0043224087049,-0.015874827763,0.00022554455574,-0.00012354421883,0.00016782261307,-0.00049316101532,7.6066196627e-05,0.00025924744862,0.0005861295102,0.00066110594666,0.00077462823068,-0.017519993584,1.2886801681e-06,0.31480846267,0.0045790534294,1.8128075167e-07,-0.013607842165,7.9485844802e-05,-9.98254396e-09,-0.00022645197945,-0.00049307255894,-7.6111274364e-05,0.00025915639476,0.00022549443206,0.00012356365885,0.00016782491628,-0.0014886123584,0.0029879199297,-0.0011207593825,0.00027517405087,-0.00011981627787,0.0004633712371,-0.0014881505568,-0.0029878718206,-0.0011204849518,0.00027519871792,0.00011993772277,0.00046355247726,-0.00059029184229,-1.735695321e-08,0.00012740345333],[-0.016728436784,-0.0034003860816,0.0031745191663,-0.25735878672,-1.3968182669e-05,0.060163516116,-0.0010338934118,0.0034292286858,-0.0016914831889,-3.4733130157e-05,5.2164449024e-09,2.0881590755e-05,-0.016732450913,0.0033985586715,0.0031752294017,-0.0011284170574,7.5363737232e-05,7.814834356e-05,0.00021392147963,-4.7848347085e-05,-0.00020593171418,-0.0010330996671,-0.0034288407537,-0.0016910476213,-0.0058714095862,-4.3830627607e-07,0.0045790534294,0.29897653411,1.5878914102e-05,-0.068004457099,0.00064697195465,5.321681116e-08,0.00026409852008,0.00021386364241,4.7906315321e-05,-0.00020588911677,-0.0011282099782,-7.5503734648e-05,7.8112028635e-05,0.00026597604707,-0.00052209790949,-0.00015126593966,0.00030699785467,2.630398454e-05,0.00028636381272,0.00026606511742,0.00052210061728,-0.00015128722945,0.00030711124046,-2.6265268043e-05,0.00028628484057,-0.00014773090327,-5.0748041125e-08,-4.8790659678e-06],[-0.025001996068,-0.0029342355162,0.0051737702068,-1.3930466584e-05,-0.040289079544,3.8277505569e-06,0.0028906321059,-0.0037269789498,0.0021551289764,5.0222863987e-09,-9.4630513901e-05,-9.292689219e-10,0.024999941021,-0.00293052665,-0.005173364279,0.0014455214452,-0.00028168810373,-0.00013246476224,-0.00021269416858,-0.00011039554349,0.00010882895505,-0.0028903082394,-0.0037278401329,-0.0021552254024,-1.5900065389e-07,0.0012347364957,1.8128075167e-07,1.5878914102e-05,0.051603226504,-4.3155611253e-06,1.539831932e-07,-0.00034646687002,2.4294169447e-08,0.00021270711269,-0.00011035181099,-0.0001088258172,-0.0014456568411,-0.00028189920869,0.00013243821859,-0.00015946904247,0.00070161141258,-0.00025240458882,0.00028560909448,0.0002511386018,-0.00029321229147,0.00015936079277,0.00070180271141,0.00025235546302,-0.00028557683506,0.00025097048501,0.00029325370859,-1.883676139e-08,9.0655925616e-05,4.8228540851e-09],[-0.010322753747,-0.0012888455459,0.0026953923423,0.060741378041,3.9448614702e-06,-0.061942728469,-0.0010614526112,0.0014433153955,-7.8365878494e-05,-9.1601567419e-07,-1.4230739295e-09,1.5288223622e-06,-0.010323504923,0.0012874529999,0.0026955857713,-0.00047777240645,4.6749321644e-05,0.00021438162599,-0.00017270708362,8.3108545298e-05,8.677086582e-05,-0.0010613333355,-0.0014434083055,-7.8286171571e-05,0.032428754054,2.0899286353e-06,-0.013607842165,-0.068004457099,-4.3155611253e-06,0.068976749946,0.00016432374933,-7.739034945e-09,-2.1394082626e-05,-0.0001727330519,-8.312625147e-05,8.6764963111e-05,-0.00047774859531,-4.6818297569e-05,0.00021435059201,-0.00069732992821,4.925397966e-05,0.00033756550352,0.00017275932992,-0.00037171738027,2.752765621e-05,-0.00069737894139,-4.9364143527e-05,0.00033760497409,0.00017268508039,0.00037171047338,2.7467037432e-05,-0.0002097741462,-2.086024476e-08,2.7030118419e-05],[-0.024902500794,0.020730120812,-0.0058915947395,0.0024344739003,1.6658927455e-07,-0.00090452227838,-0.070776639456,-0.039864122166,-0.022552613847,-0.034030148756,7.0562539413e-07,0.0018585118618,-0.024898814919,-0.020732753472,-0.005891036011,0.0040173212261,0.0098119681415,0.0041082516216,-0.0001117036103,0.00063562532147,-0.00060944613945,-0.070788398299,0.03988031536,-0.022558526094,-0.00022732802746,-3.112486131e-08,7.9485844802e-05,0.00064697195465,1.539831932e-07,0.00016432374933,0.26678339391,-1.8231390408e-05,0.038104198705,-0.00011160478189,-0.00063609489283,-0.00060992357933,0.0040176928109,-0.009807958074,0.0041069528119,0.00049143901441,-0.00034596985042,-0.00083505193823,-0.0047852741358,-0.00066325011986,0.00086586560849,0.00049165382592,0.00034578707435,-0.00083494721189,-0.0047853586348,0.00066256039908,0.00086573755356,-0.043465386823,1.007772853e-06,0.010534394094],[0.011495632568,-0.0026323170536,-0.00045537635796,2.370133965e-08,-0.0002677764863,-4.20964255e-08,-0.04189746046,-0.15495755668,-0.041844967193,-4.99506039e-08,-0.040546972276,4.7630652337e-06,-0.011497797123,-0.0026368025342,0.00045428741511,-0.010928519747,-0.027560348387,-0.009202900883,-0.0027506198768,-0.0031902936499,-0.0044758552665,0.041913439432,-0.15496113485,0.041848515646,-2.99081605e-08,0.00012432551325,-9.98254396e-09,5.321681116e-08,-0.00034646687002,-7.739034945e-09,-1.8231390408e-05,0.43296750546,-8.9917391748e-06,0.0027518602813,-0.0031910227177,0.0044767686277,0.01093299126,-0.027562821477,0.0092032820989,0.00055592567501,0.00029915311864,-0.00011146480185,0.00026269013092,0.00094425156522,-1.8778580852e-05,-0.00055600644426,0.00029913593472,0.00011137372524,-0.00026366002953,0.00094430922135,1.8848728422e-05,-2.4141490195e-07,-0.017725026274,5.554790931e-07],[-0.00070763251192,-0.0031681330206,0.0023614610461,-0.00021474613265,-9.2680967045e-09,0.00024870728425,-0.022481497997,-0.042679102569,-0.08856662448,0.0082155409191,5.1591216333e-06,-0.27570216406,-0.00070699717238,0.0031683023036,0.002361723695,0.0041359155633,0.0088408631187,0.0041400888519,-0.013977283667,-0.027229680633,-0.017314023547,-0.02248872231,0.042682960165,-0.088567676011,-8.9999359321e-05,-2.4914337037e-08,-0.00022645197945,0.00026409852008,2.4294169447e-08,-2.1394082626e-05,0.038104198705,-8.9917391748e-06,0.49904517352,-0.013980793964,0.027229188666,-0.017314908949,0.0041370398317,-0.0088412289508,0.0041405817843,0.0013223758326,0.0008463290917,0.00047138974495,0.0015681838709,0.00026633818437,0.00035845733547,0.0013223010928,-0.00084600891541,0.00047128788035,0.0015678828426,-0.00026605769146,0.00035852467163,0.014010077031,7.286372166e-08,-0.026244336666],[-0.0081548930682,-0.00017981510366,0.030085178888,0.00084463963576,0.0005052946676,0.00091498959313,0.00017032339636,-0.00037814618987,0.0002438283248,-0.0002913917697,0.0026687379829,-0.0014514475977,-1.7587601744e-06,-0.0002710856166,-1.2888423627e-05,-0.00012474027645,-8.7647151869e-05,-4.1380606387e-05,0.00024831002105,-0.00011957721736,9.5431795825e-05,-0.043974827929,-0.0019324247978,0.023657013737,-0.00034205442631,-0.00032874802205,-0.00049307255894,0.00021386364241,0.00021270711269,-0.0001727330519,-0.00011160478189,0.0027518602813,-0.013980793964,0.054917723495,-0.001223561362,-0.026974243217,0.0017921319962,-0.0015452938998,-0.013927153324,-0.00016034858655,0.00012387303998,-0.00011682729347,-9.5155740475e-05,3.7898617215e-05,4.8682849222e-06,-0.0061959977805,-0.00015949083528,0.0025172874899,0.00066084632749,-4.2020036543e-05,0.00037482140627,0.00060497780717,-3.2566563109e-05,-0.00072288344648],[0.0004591992093,0.00067546703621,-0.00047449253071,-0.0002103639376,0.0003632099347,0.00078546399083,4.184569794e-05,0.00087386796283,0.0011804200028,0.0019837232425,-0.0040853840183,0.0028023177815,-0.0001428563033,-0.00016337652881,-2.5309273525e-05,3.8944678581e-05,0.00023425426637,-0.00021586744689,0.00011966991148,-0.00060965374297,-0.00028864891465,-0.0016265378825,-0.045019869855,0.00081094135459,-0.00033563180548,6.0842068657e-05,-7.6111274364e-05,4.7906315321e-05,-0.00011035181099,-8.312625147e-05,-0.00063609489283,-0.0031910227177,0.027229188666,-0.001223561362,0.051920686775,-0.0039011133237,0.00076258699609,-0.0017594723586,-0.027021059454,0.00011009734441,-5.8748690491e-05,-0.000127599087,3.8332340825e-05,-4.0179905223e-05,1.2625609874e-05,0.00027469430909,0.00069197539091,7.5107126337e-05,0.00031073851849,1.3275065145e-05,-0.00049737837557,-1.2697733215e-05,0.00020453181087,-0.00018537576121],[0.0051314722352,-0.00022554842943,-0.010473130992,-0.00080090448552,-9.1658020315e-05,0.00081867633045,0.00048417435841,-0.00092795533608,0.00088865425332,-0.00097909314396,0.0027889706763,-0.0011738653107,0.00013586078751,0.00015780119123,-2.788503186e-05,-1.3836289293e-05,-0.00028798024833,0.00012035733751,9.5408158203e-05,0.00028859643833,0.00021181412475,0.022832491568,0.0016155572766,-0.26938743803,0.00015278049071,0.00026433383565,0.00025915639476,-0.00020588911677,-0.0001088258172,8.6764963111e-05,-0.00060992357933,0.0044767686277,-0.017314908949,-0.026974243217,-0.0039011133237,0.31294746861,-3.3361859894e-05,-0.003333596965,-0.017846672532,-9.1687928201e-05,-0.00012509015619,-9.8725595633e-06,1.8532018472e-05,-2.2421177542e-06,-2.5240188594e-05,0.0024599917353,-0.00013489708628,-0.00022541441277,-0.0002110467698,-0.00015444574336,0.00042662144262,-0.0013907470139,-0.00029867896274,0.00072508487486],[-0.01815973076,-0.023753129427,-0.010416689699,-0.006257767794,-1.4377169745e-05,0.0018544947695,-0.00010585350577,0.0021051898923,-0.0010221376247,0.00010548775323,-0.00020148479212,0.00028979075831,0.00011710973665,0.00027768589164,-1.6928556953e-05,0.00017608237896,0.00067185888022,0.00010102580563,-0.00012474813787,-3.8997387816e-05,-1.3872817044e-05,-0.084455396608,-0.082970424538,-0.039410544956,2.6365482331e-05,0.00024386427448,0.00022549443206,-0.0011282099782,-0.0014456568411,-0.00047774859531,0.0040176928109,0.01093299126,0.0041370398317,0.0017921319962,0.00076258699609,-3.3361859894e-05,0.10255345151,0.093112094724,0.045186455718,-8.656116365e-05,3.0223622535e-05,-7.3784055862e-06,3.4702209916e-05,9.4311518422e-05,7.4787890524e-06,0.00068789151342,-0.00027961878432,-0.00015061533435,0.00028695487126,-0.00014173907157,-0.00038766903432,0.00052051165659,0.00061461980537,0.00013516569502],[-0.0025151835293,-0.0010301338686,-0.00065051579876,-0.00071870013724,0.0011899574637,0.00031593134689,0.0025943076285,-0.0044914864678,0.0027269882556,-0.00063903506308,0.00051767029911,-0.00031250494709,0.00015232493413,0.00032108989703,-0.00011775053285,-0.00067165060388,-0.0016146485344,-0.00036902939586,8.7626241951e-05,0.00023427405755,0.00028798923736,-0.081670449766,-0.19319092586,-0.072484229453,9.0368931355e-05,-1.2691549681e-05,0.00012356365885,-7.5503734648e-05,-0.00028189920869,-4.6818297569e-05,-0.009807958074,-0.027562821477,-0.0088412289508,-0.0015452938998,-0.0017594723586,-0.003333596965,0.093112094724,0.22700356395,0.082955905272,6.4723545612e-05,-3.9823988508e-05,-1.1139337826e-05,1.422964411e-05,4.8907419925e-05,2.3304830088e-05,6.8274706675e-05,5.1570281037e-05,0.00017612022849,0.00024018505583,0.00044139227755,-1.1983499828e-05,0.001219685833,0.00017572511325,-0.00043099331263],[0.0032673190055,0.0045553097028,0.0027281037263,0.00085321787311,8.6523275645e-05,0.00047564560657,-0.00085089739906,0.0014702712216,2.3416279941e-05,0.00021927752099,0.00056421037794,0.00056561776388,-2.7228089943e-05,-2.191818418e-05,-5.7940927586e-05,0.00010096467154,0.0003690179219,0.00030510413127,-4.1385900268e-05,0.00021588496482,0.00012037496375,-0.039466608428,-0.073094540277,-0.081114866684,0.00016451112792,0.00013012745668,0.00016782491628,7.8112028635e-05,0.00013243821859,0.00021435059201,0.0041069528119,0.0092032820989,0.0041405817843,-0.013927153324,-0.027021059454,-0.017846672532,0.045186455718,0.082955905272,0.090043651372,-4.0128161025e-08,9.0526794161e-06,-1.7759028896e-05,2.6299548217e-06,1.1773501241e-05,-1.7482571189e-05,0.00038007034764,0.00049254050137,0.00037369261796,-0.00040963098656,3.5975355554e-05,-7.4919487065e-05,0.00036343632058,-9.4803424975e-05,-2.8594572006e-05],[0.00032770686286,-0.00037599451933,0.00018870332417,0.00073361789375,0.0023478458969,-0.013990542755,-0.0082097726512,-0.00059255478047,0.030540788165,-0.00038539263739,-0.00029132861105,-0.00032123701722,-0.044538654103,-0.0019196301797,0.022363473791,0.00068784290712,-6.8181949761e-05,0.000379987781,-0.0061958532428,-0.00027550190055,0.0024600916551,9.6932448576e-05,-0.0001866448582,-5.5937143426e-05,-0.00063588044453,0.0028181138584,-0.0014886123584,0.00026597604707,-0.00015946904247,-0.00069732992821,0.00049143901441,0.00055592567501,0.0013223758326,-0.00016034858655,0.00011009734441,-9.1687928201e-05,-8.656116365e-05,6.4723545612e-05,-4.0128161025e-08,0.055668054845,-0.0006283854848,-0.026724549787,0.001798811737,-0.0013063702929,-0.013808166548,0.00019628595759,-5.2367837554e-05,0.00014048753628,-0.00012169137054,-0.00010739765079,-1.781270898e-05,6.7524778947e-05,6.7121514361e-05,-0.00020000100026],[0.00010496397627,0.00089092739512,0.0012496587244,-0.00034581318345,-0.0035410691035,0.026103096681,0.00030139539191,0.00050303319658,1.3396035227e-05,-0.00033273330932,3.8818031458e-05,-7.7744509958e-05,-0.0019190870672,-0.044348329426,0.0032334808434,0.00027954796893,5.1492123928e-05,-0.00049236789768,0.0001586187706,0.00069188987363,0.00013535414684,-0.00013087245187,-0.00015553352635,-0.00010211528162,0.0023673944543,-0.0041962385362,0.0029879199297,-0.00052209790949,0.00070161141258,4.925397966e-05,-0.00034596985042,0.00029915311864,0.0008463290917,0.00012387303998,-5.8748690491e-05,-0.00012509015619,3.0223622535e-05,-3.9823988508e-05,9.0526794161e-06,-0.0006283854848,0.051153566485,-0.0058392624852,0.00086466818339,-0.0015763257294,-0.027365955698,5.2598170946e-05,-0.00053400969714,-0.00037191360752,4.0728853379e-05,0.00019077092368,-0.00020091146122,-9.9050075668e-05,-7.1127603443e-05,-5.2211420895e-05],[0.00021627727325,-0.00081334739985,0.00083882600497,-0.001132561387,0.0041349329778,-0.015914628428,0.0050050889739,-0.00012001570095,-0.010780952009,0.00016686575169,0.00026991095531,0.0002825986288,0.022408354317,0.0031697150519,-0.26889152791,-0.00015053722121,-0.00017612355392,0.00037349530035,0.0025175027648,-7.4858238867e-05,-0.00022569232027,-4.3863531829e-05,0.00014466216515,3.7463677147e-05,-0.0016924209701,0.00297796056,-0.0011207593825,-0.00015126593966,-0.00025240458882,0.00033756550352,-0.00083505193823,-0.00011146480185,0.00047138974495,-0.00011682729347,-0.000127599087,-9.8725595633e-06,-7.3784055862e-06,-1.1139337826e-05,-1.7759028896e-05,-0.026724549787,-0.0058392624852,0.31248275188,-0.0001128177951,-0.0032492448866,-0.018352411895,0.00014040656524,0.00037194014906,0.00032241560239,-5.9476445109e-05,-0.00025353450205,0.00013012572419,0.00057221585609,-4.0122098432e-05,3.7146145712e-05],[-0.0001384590625,0.0022920256856,-0.00086350953487,0.0050327744409,0.01054630636,0.0041403228661,-0.018890239905,-0.024393920513,-0.010554297445,1.1672658546e-05,0.00013951636139,0.00011910314176,-0.083011845366,-0.081611853847,-0.038980908068,0.00028694329351,-0.00024039131545,-0.00040965258793,0.00066073367929,-0.0003105331569,-0.00021095828806,9.5943648496e-05,0.00019002643352,-7.62226879e-05,0.00022906796683,-0.00023523179395,0.00027517405087,0.00030699785467,0.00028560909448,0.00017275932992,-0.0047852741358,0.00026269013092,0.0015681838709,-9.5155740475e-05,3.8332340825e-05,1.8532018472e-05,3.4702209916e-05,1.422964411e-05,2.6299548217e-06,0.001798811737,0.00086466818339,-0.0001128177951,0.10047337539,0.092601934973,0.044889129066,-0.00012169310446,-4.0770321564e-05,-5.9495697391e-05,0.00018289649483,0.0006079964554,0.00012119488646,-0.0020711022193,-0.0010106238207,-3.9171020147e-05],[0.003145963141,-0.0048870968945,0.0026211299204,-0.0087656947901,-0.025477412286,-0.0088141597231,-0.002734493801,-0.0015043951188,-0.00086858006386,0.00013146882989,-1.072341898e-05,0.00011093351496,-0.081583442979,-0.19594790079,-0.075004912702,0.0001416492173,0.00044151707265,-3.6079810983e-05,4.2023237162e-05,1.3183202525e-05,0.0001544476054,0.00021300301497,0.00045304383309,-5.8095643395e-05,-0.0004898265388,0.00047413489734,-0.00011981627787,2.630398454e-05,0.0002511386018,-0.00037171738027,-0.00066325011986,0.00094425156522,0.00026633818437,3.7898617215e-05,-4.0179905223e-05,-2.2421177542e-06,9.4311518422e-05,4.8907419925e-05,1.1773501241e-05,-0.0013063702929,-0.0015763257294,-0.0032492448866,0.092601934973,0.22847585695,0.085502213707,0.00010732912924,0.00019078952904,0.00025348